83ffffff
82400000
82800000
82c00002 
83000002
80000000
80000000
80000080
800004d1
80000000
80000000
80000000
80000000
80000000
80000083
80000292
80000351
80000000
80000000
80000000
80000000
80000000
8000010a
8000027c
80000000
80000000
80000000
80000000
80000000
80000000
80000000
800001f3
8000eed5
80000000
80000000
80000000
80400000
80400000
80400000
80400000
80400000
80400000
80400000
80400000
80400000
8040000e
8040ff57
8040feb8
8040fe4c
80400000
80400000
80400000
80400000
80400000
80400060
80400004
80400000
80400000
80400000
80400000
80400000
80400000
80400000
80400000
80400000
80400000
80400000
80800000
80800000
80800000
80800000
80800000
80800000
80800000
80800000
80800000
80800000
80800000
80800000
80800000
80800000
80800000
80800000
80800000
80800000
80800000
808001d4
8080fde2
80800000
80800000
80800000
80800000
80800000
80800000
80800000
80800000
80800000
80800000
80c00000
80c00000
80c00000
80c00000
80c00000
80c00000
80c00000
80c00000
80c00000
80c00000
80c00000
80c00000
80c00000
80c00000
80c00000
80c00000
80c00000
80c00000
80c00000
80c00000
80c0ff21
80c00014
80c00000
80c00000
80c00000
80c00000
80c00000
80c00000
80c00000
80c00000
80c00000
81000000
81000000
81000000
81000000
81000000
81000000
81000000
81000000
81000000
81000000
81000000
81000000
81000000
81000000
81000000
81000000
81000000
81000000
81000000
81000000
81000000
81000000
81000000
81000000
81000000
81000000
81000000
81000000
81000000
81000000
81000000
81400000
81400000
81400000
81400000
81400000
81400000
81400000
81400000
81400000
81400000
81400000
81400000
81400000
81400000
81400000
81400000
81400000
81400000
81400000
81400000
81400000
81400000
81400000
81400000
81400000
81400000
81400000
81400000
81400000
81400000
81400000
81800000
81800000
81800000
81800000
81800000
81800000
81800000
81800000
81800000
81800000
81800000
81800000
81800000
81800000
81800000
81800000
81800000
81800000
81800000
81800000
81800000
81800000
81800000
81800000
81800000
81800000
81800000
81800000
81800000
81800000
81800000
81c00000
81c00000
81c00000
81c00000
81c00000
81c00000
81c00000
81c00000
81c00000
81c00000
81c00000
81c00000
81c00000
81c00000
81c00000
81c00000
81c00000
81c00000
81c00000
81c00000
81c00000
81c00000
81c00000
81c00000
81c00000
81c00000
81c00000
81c00000
81c00000
81c00000
81c00000
83404001
83406081
83406080
83404000
83404004
83404004
83400402
83402482
83402490
83402400
83402400
83400404
83400404
83400404
83400404
83400c02
83402c82
83402c92
83400ca2
83400cb0
83400c00
83400c00
83400c04
83400c04
83404002
83406082
83406080
83404000
83404008
83404008
83400000
83800000
83800000
8380fff9
8380017d
838002d2
83800001
838001de
8380013c
8380fe40
8380000a
