-1
-1
-1
-1
-1
-1
-1
-1
-1
0.00784
0.00784
0.00784
0.00784
0.00784
0.00784
0.00784
0.00784
0.00784
-1.3333
-1.3094
1.0464
-1.5637
0.79806
-1.8432
-1.0053
0.95725
0.2495
1.1091
3.4982
3.5195
-1.237
6.3113
-0.8342
0.79385
-4.5685
1.4615
-1.5892
1.7664
1.1586
-7.4182
1.9697
-0.45096
-1.0991
-3.0262
1.4367
-0.50615
-1.7901
3.4773
1.7684
-0.92603
0.55261
0.21824
-2.832
0.94043
0.1522
-4.1745
-2.6669
-3.3646
0.10072
0.69286
-4.3919
-0.47802
2.401
-8.4021
-1.1688
0.84384
-0.074243
-0.10197
-1.2128
-1.2003
1.2569
0.66804
2.3203
3.1984
1.4322
-2.1357
2.9111
0.86265
-0.93694
0.90753
-0.27949
1.523
4.9516
0.88631
-2.4644
-2.9692
0.56174
-0.36794
-0.98846
-0.20856
-1.5174
1.2821
3.9197
-2.2834
-1.2137
7.7338
-0.17817
-1.4252
-4.3377
1.8794
-3.4254
3.166
1.8668
6.5711
0.89009
1.8923
-3.3752
0.5
0.5